Page Rank
0 0.0157629795231
1 0.00146031702173
2 0.000842739107272
3 0.00070845636318
4 0.00108216821451
5 0.00104558332671
6 0.000919269138861
7 0.000533196282193
8 0.000487851835153
9 0.00043994051967
10 0.000443520736591
11 0.000411747269153
12 0.000434821769925
13 0.000420968646877
14 0.00043208134404
15 0.00129100151735
16 0.000458295291028
17 0.00041879662547
18 0.000506464045119
19 0.000440532769531
20 0.000421938402547
21 0.000442224810733
22 0.00041979778764
23 0.00043855205545
24 0.00038369068406
25 0.000440532769531
26 0.000424271830287
27 0.000444818236091
28 0.000418527182319
29 0.000409271509956
30 0.000429263049039
31 0.000429263049039
32 0.000429263049039
33 0.000429263049039
34 0.000583248160414
35 0.000397031213794
36 0.000396259265417
37 0.000385394092011
38 0.00106099935795
39 0.00150284546764
40 0.0003692373031
41 0.000386936792049
42 0.000389167200341
43 0.000408954422834
44 0.000361485794163
45 0.000371419090588
46 0.00038437057424
47 0.00038437057424
48 0.000372702181808
49 0.0003619054376
50 0.000387128209468
51 0.0003692373031
52 0.000361485794163
53 0.000372803028971
54 0.000361485794163
55 0.000387732357149
56 0.000360732883295
57 0.000381083985975
58 0.000372026546308
59 0.000370563388796
60 0.000476415130842
61 0.000809406396328
62 0.000404844927565
63 0.000530969629059
64 0.000523066916904
65 0.000544506629524
66 0.000520644240297
67 0.000520644240297
68 0.000537393846243
69 0.000537393846243
70 0.000537393846243
71 0.00053577802188
72 0.00053577802188
73 0.00053577802188
74 0.000506461485089
75 0.00795852630574
76 0.000521762525014
77 0.00114022879977
78 0.000538243795608
79 0.000537122729139
80 0.000538868634759
81 0.000538243795608
82 0.000517718176077
83 0.000807545735195
84 0.000383029121341
85 0.000399814362485
86 0.000365455378442
87 0.000405535577975
88 0.000408299748226
89 0.000388961870714
90 0.000438745701751
91 0.000416121030687
92 0.000388723976103
93 0.000365133691421
94 0.000430833177786
95 0.000867947949717
96 0.00041733736924
97 0.000377207909036
98 0.000395472723548
99 0.000402981254575
100 0.000435052670199
101 0.000505130854757
102 0.00043956478964
103 0.000430725699967
104 0.000467381895366
105 0.000542851122196
106 0.0004085430035
107 0.000388689709906
108 0.000420337886324
109 0.000383414645028
110 0.000383828568249
111 0.000421041081009
112 0.000817488559788
113 0.000471795312949
114 0.000364859643395
115 0.00112793729539
116 0.000398485376669
117 0.000373904516867
118 0.000516995639049
119 0.000495826450547
120 0.000418624059529
121 0.000471066506911
122 0.000403417236046
123 0.000448523312414
124 0.000373904516867
125 0.000404369633135
126 0.00050198471935
127 0.000465798443841
128 0.000430025651156
129 0.000428969804198
130 0.000419866436598
131 0.000418069689789
132 0.000426596608373
133 0.000455726023921
134 0.000418012502616
135 0.000485124388309
136 0.000392778299926
137 0.000392354725256
138 0.000392778299926
139 0.000380854672964
140 0.00109335472462
141 0.000370217560663
142 0.000393709199474
143 0.000393709199474
144 0.000371047480691
145 0.00039619661915
146 0.000392136535307
147 0.000380910964432
148 0.000416670024971
149 0.00103906544459
150 0.00795852630574
151 0.000926076886514
152 0.0003619054376
153 0.000893139774799
154 0.00083648831674
155 0.00107624832432
156 0.00157221426426
157 0.0134227372151
158 0.00277012013035
159 0.00100576181259
160 0.00274743969135
161 0.000428134885199
162 0.00262820718786
163 0.00100748028596
164 0.00256624195866
165 0.00040544796888
166 0.00316647521104
167 0.00102247381365
168 0.00255466394222
169 0.000406098768188
170 0.00280455745805
171 0.000408161291808
172 0.00256627404812
173 0.000406098768188
174 0.00266116769664
175 0.002070395713
176 0.0026793565358
177 0.000422475248303
178 0.00317979618122
179 0.00040544796888
180 0.00281186939375
181 0.000409225434429
182 0.00108395943988
183 0.00108066279989
184 0.00106942503094
185 0.00107468768817
186 0.00114664433894
187 0.00107626648534
188 0.00107717102353
189 0.00107643834153
190 0.00106942503094
191 0.00103181265646
192 0.00103400721898
193 0.000955832438673
194 0.000848260469614
195 0.00101347702107
196 0.00104370367653
197 0.000881118658615
198 0.00101383148155
199 0.000991142807412
200 0.00104370367653
201 0.00102885417628
202 0.00115306094161
203 0.00100333885475
204 0.000997320180463
205 0.000836741035196
206 0.00104065254123
207 0.001059289013
208 0.00108370212751
209 0.00107578084367
210 0.000688151204756
211 0.000958489764786
212 0.00102284311463
213 0.000919288301498
214 0.000965555172082
215 0.000842597103393
216 0.00101502600292
217 0.000832537986251
218 0.00105681345802
219 0.000907827253331
220 0.000647953361046
221 0.000902513232686
222 0.000881458347453
223 0.000941413200503
224 0.000907827253331
225 0.000786922026881
226 0.00231857741453
227 0.000457584694025
228 0.00042963788567
229 0.000879058591046
230 0.00795852630574
231 0.00795852630574
232 0.000374554347248
233 0.000374554347248
234 0.000681470453597
235 0.000403417236046
236 0.00795852630574
237 0.00795852630574
238 0.00795852630574
239 0.00958858591053
240 0.0679744219142
241 0.00795852630574
242 0.00795852630574
243 0.00795852630574
244 0.00795852630574
245 0.000395514523891
246 0.000390486953534
247 0.00795852630574
248 0.00795852630574
249 0.000382584241379
250 0.00653289201945
251 0.000363381893669
252 0.000363962921904
253 0.000363962921904
254 0.000350512118269
255 0.00871786593159
256 0.0100197810327
257 0.0065762110685
258 0.00650081989634
259 0.00543093332246
260 0.00650081989634
261 0.00550030788466
262 0.00574411568782
263 0.00543093332246
264 0.00553015685586
265 0.00546053916386
266 0.00797908055459
267 0.000702919724824
268 0.00661987202806
269 0.029806376452
270 0.0295367001458
271 0.030525805203
272 0.00760004050319
273 0.00795852630574
274 0.0332753196375
275 0.0323503050186
276 0.000348023414318
277 0.0338747215695
278 0.0338747215695
279 0.00202568891059
280 0.000313147831566
281 0.000314738269286
282 0.000379455349754
283 0.000324300383392
284 0.000573838500139
285 0.000347610567318
286 0.000356316076269
287 0.000503697580247
288 0.00102432647414
289 0.00064741989232
290 0.000380915648598
291 0.00550159112325
292 0.000550491653805
293 0.00226764830979
294 0.00031555884295
295 0.000404370865905
296 0.000306951048724
297 0.000433459905443
298 0.000361307672803
299 0.000313718534089
300 0.000785502866729
301 0.0020321989486
302 0.000771251474311
303 0.000518937183928
304 0.000328131264761
305 0.000333389326382
306 0.000402673503323
307 0.00266426127916
308 0.0007607761318
309 0.000728436124107
310 0.000432851143656
311 0.000644257616898
312 0.000858876423079
313 0.00057724074219
314 0.000324444438759
315 0.000350049501285
316 0.00056323637222
317 0.000595572276779
318 0.000579670734891
319 0.000363802391362
320 0.000371870393959
321 0.000312645992092
322 0.000448753238787
323 0.000436601781628
324 0.000381618727765
325 0.0020321989486
326 0.000314373318015
327 0.000391130302707
328 0.000365219556588
329 0.000465206843698
330 0.000313718534089
331 0.000501291839277
332 0.000413272976891
333 0.000584187237893
334 0.000328102218071
335 0.000336621911731
336 0.000314034295787
337 0.000362704510735
338 0.00067325345426
339 0.000348969362017
340 0.000510449934108
341 0.000428522299226
342 0.000391869734346
343 0.000326215276478
344 0.000346166849336
345 0.00108211127611
346 0.000403701419933
347 0.000355801512208
348 0.000323789660174
349 0.000339131690437
350 0.000313675031506
351 0.000313147831566
352 0.000335388307211
353 0.000334808636349
354 0.000346810243885
355 0.000532376840194
356 0.000323743697347
357 0.000311621595001
358 0.000311621595001
359 0.000503055114161
360 0.000311804414724
361 0.000323135890473
362 0.000579234224512
363 0.000803771942731
364 0.000310444259753
365 0.000345473686487
366 0.00056323637222
367 0.000372668893467
368 0.000321630768072
369 0.000309285652538
370 0.000517867595993
371 0.000341531516276
372 0.000340767614457
373 0.000380776252584
374 0.000726230722033
375 0.0020321989486
376 0.000397070660302
377 0.000463291220102
378 0.000756211854078
379 0.000468443674581
380 0.00105444963552
381 0.000894730613996
382 0.000396801530123
383 0.000352086860164
384 0.000579115341255
385 0.000761254504483
386 0.00104434439272
387 0.000853916735299
388 0.000322688929193
389 0.000349653166004
390 0.000322531249319
391 0.000314738269286
392 0.000389602651635
393 0.000583336199785
394 0.000313423718441
395 0.00056323637222
396 0.000798053526487
397 0.000312889107171
398 0.000322384205366
399 0.000314373318015
400 0.000962922291306
401 0.000309285652538
402 0.000312645992092
403 0.000703882195578
404 0.000327021416272
405 0.000351130948786
406 0.000342694377377
407 0.000314738269286
408 0.000314373318015
409 0.000448887621466
410 0.00040140824268
411 0.000700105742175
412 0.000312417115085
413 0.000324510379199
414 0.000392177516015
415 0.000398142114716
416 0.000333167105057
417 0.00031555884295
418 0.000394913382692
419 0.000502766715533
420 0.000571360500859
421 0.000579660074326
422 0.000339529117342
423 0.000750826656845
424 0.000478555311421
425 0.000478555311421
426 0.000482926193008
427 0.000493406901522
428 0.000478555311421
429 0.000482926193008
430 0.000309798305683
431 0.000492098353235
432 0.000478555311421
433 0.000482926193008
434 0.000533400643826
435 0.000478555311421
436 0.000478555311421
437 0.000478555311421
438 0.000478555311421
439 0.00048301112167
440 0.000340294734734
441 0.000478555311421
442 0.000478555311421
443 0.000486939340076
444 0.000325497583085
445 0.000559242257102
446 0.000356686303181
447 0.000314373318015
448 0.000655679342823
449 0.00031555884295
450 0.00036981527083
451 0.000330921455238
452 0.000393375580531
453 0.000509984199491
454 0.00051123535353
455 0.000578357814408
456 0.000308188304583
457 0.000364681633062
458 0.000327748390508
459 0.000377464588044
460 0.000314373318015
461 0.000311621595001
462 0.000347418207259
463 0.000314373318015
464 0.000331538768943
465 0.000409017647474
466 0.000570929326765
467 0.000321245596171
468 0.000314738269286
469 0.000313147831566
470 0.000325189252951
471 0.0020321989486
472 0.000363225851112
473 0.000379293637671
474 0.000329916195758
475 0.00056323637222
476 0.00056323637222
477 0.000356959529381
478 0.000337344932912
479 0.000336366493249
480 0.00035409971027
481 0.000342631770182
482 0.000405169897439
483 0.000329101347344
484 0.00051966056818
485 0.000318643706844
486 0.000400826460474
487 0.000331983442466
488 0.000540672723925
489 0.000576856597438
490 0.000314373318015
491 0.000576856597438
492 0.000387409563407
493 0.000361667935158
494 0.000393614625184
495 0.000482294264293
496 0.000357871517243
497 0.000327418839278
498 0.000326553190714
499 0.000337171763054
